1323.10598498
3.18566132114
1.39845523802
3.68572586901
4.65341922952
1.11432891502
2.21553927396
4.4465127
5.94849207252
4.03516126781
-2.13577113993
4.45297853603
2.78821253508
12.11711173
6.87530620611
7.17460441049
1.84437555973
3.1147869953
8.47805501439
8.4363361765
4.07477527561
5.60002567329
5.72780026821
12.9372672761
106.990172948
4.47915963313
5.70269230301
4.84972201412
9.06614052816
8.11012320862
7.75565010212
2.94635209645
3.46904723105
5.68958443411
3.47346693188
4.50701244318
6.12234279654
4.28807901235
30.3087855802
25.9384810363
2.66381943964
3.20266270214
4.38826517565
15.2199407905
9.31964600446
79.9655660513
3.18422919895
4.23471038021
6.74732310798
7.36544808163
3.63066846277
0.249718181554
4.6299863206
4.26968057011
2.43151459209
4.36750971616
3.82937034029
4.54476325048
2.36388372573
4.61262716521
3.85856513054
3.9816178468
3.53600705848
5.83222654602
5.96482492738
5.42687648311
3.89832878801
-169.681737102
-380.767374675
-20.9251368747
4.45467548238
2.88885583655
6.64932228039
2.68118253796
5.71683912083
3.99063092982
3.06836667512
52.1216390062
-0.447544296606
7.13787648692
4.92631896676
2.06097172662
12.2789515944
7.13892864964
7.16504983051
3.19657265279
3.09555590135
3.05635868989
3.10591410305
6.64585441326
2.29902430811
4.95174756394
3.54639157288
-3.68658105607
3.28052117175
8.25534438055
-2.10258893009
4.83808967126
3.63224799845
5.7951011313
5.21886617942
7.31471084113
3.51955033325
15.027108007
6.57733465969
10.0889884781
3.02534750557
2.8892998171
1.10618189359
5.28968857842
3.20588874718
1.60378769264
13.5280132406
12.3133719347
409.954588279
4.61779096198
4.45086831017
5.14129032091
2.11352987696
2.96733668151
11.7677313779
95.0964926247
160.033300911
44.3617502773
202.347679779
1.08615109364
1.15260075841
-0.182868954053
-2.46037419603
28.3542041432
3.751887155
3.62041964718
32.3222499784
-1267.36160237
-1323.03349393
-1254.93624371
3.52485207062
4.82736682124
8.72616045732
4.82228448125
5.59680508101
4.02830087763
6.67916232125
3.19128937561
2.80968728289
0.0691050137761
4.60525225609
4.24832981768
-486.422073154
-783.745532289
740.993755844
7.53741233415
1.73736249974
4.50365292395
4.3493766678
10.5142831969
3.80590513099
3.42498445323
10.7167053563
2.60984555209
3.68615135715
3.4713928191
3.9742628496
2.86569256195
47.8944865453
5.13126049086
48.6369501254
51.0530594963
2.30497446278
2.51826114885
5.53962331712
5.0872120683
3.7405412626
5.10599098865
8.17437683796
-514.714006911
18.8562860497
34.355092952
7.55268083023
8.14561291884
5.98701962181
3.32588028462
9.17467750726
5.29211849982
7.62109396722
3.91723588014
2.17828716556
3.37984234248
3.11974490138
6.4040231782
3.6897092964
1.10717648669
2.57536523667
3.23443511626
25.6358939152
6.89036719307
5.03366476535
8.82994235914
3.10484739233
-3.14707032468
2.59472327738
2.10964333727
24.6374557369
-0.338096564348
2.05167921125
11.5487244032
7.73031929541
11.5186868918
7.21475578258
5.94101748131
5.81937093375
17.4473981536
15.1761548654
12.4260249442
1.18683007138
1.83283600518
2.26224060375
0.829602139576
62.6435504241
3.28788892379
3.14884670032
2.9122663289
2.32590372739
5.68792954147
5.12222358724
4.83158896704
6.43992831227
4.11853807059
3.33390160771
